"Bt20" <-
structure(c(1, 1, 1, 1, 1, 1, 1, 1, 1, 1, 1, 1, 2, 2, 2, 2, 2, 
2, 2, 2, 2, 2, 2, 2, 2, 3, 3, 3, 3, 3, 3, 3, 3, 3, 3, 3, 3, 3, 
3, 3, 4, 4, 4, 4, 4, 4, 4, 4, 4, 4, 4, 4, 4, 4, 5, 5, 5, 5, 5, 
5, 5, 5, 5, 5, 5, 5, 5, 1, 2, 3, 4, 6, 7, 8, 9, 10, 11, 12, 13, 
14, 15, 16, 17, 18, 19, 20, 22, 23, 24, 25, 26, 28, 29, 30, 31, 
32, 33, 34, 35, 36, 37, 38, 39, 40, 41, 42, 43, 44, 46, 47, 48, 
49, 50, 51, 52, 53, 54, 55, 56, 57, 58, 59, 61, 62, 63, 64, 66, 
67, 68, 69, 70, 71, 72, 73, 6.03787092, 6.5036950705, 5.85265509366667, 
6.4249228705, 5.826000107, 5.7788346795, 6.829661653, 6.928255228, 
6.741432296, 6.92870135, 4.543294782, 6.0149838625, 5.998936562, 
6.3026759975, 5.525452939, 6.3558182255, 6.993015123, 6.5382581395, 
5.220939852, 6.3428121485, 7.307872781, 6.895105606, 6.8502944625, 
6.3203378775, 6.950814768, 7.1121510635, 5.2725259615, 6.777286488, 
6.049733455, 6.796823718, 6.37331979, 6.5984876825, 6.596243138, 
7.0413301385, 6.7548431195, 5.170483995, 6.2525698315, 6.6358914415, 
5.6508552425, 6.081412919, 5.488937726, 6.2838695555, 8.107117471, 
6.315358002, 7.200975937, 6.966024187, 6.887552572, 6.887552572, 
6.9669911225, 6.887552572, 6.3626385345, 6.086774727, 6.3621474235, 
4.143134726, 6.103081321, 6.604981957, 7.41767364, 7.234519073, 
4.852030264, 6.2364519205, 5.3015568495, 6.65415252, 4.8751681865, 
5.105945474, 6.39788014, 6.979145275, 6.061456919, 6.442540166, 
6.6546703725, 6.108741256, 7.1235386835, 5.942799375, 6.3546300865, 
7.2175529595, 7.3775684425, 7.3710539965, 7.2274372525, 6.11368218, 
6.4898062365, 6.538139824, 6.639529693, 5.438079309, 6.521062325, 
7.99125393, 6.5436126, 5.643087709, 6.667100832, 7.5416831, 7.1417160105, 
6.9913846185, 6.363933941, 6.742880636, 7.0884122625, 5.8191795795, 
7.180933123, 5.680172609, 6.943122423, 6.656726524, 6.9527003105, 
6.774854998, 6.9731307945, 7.014164494, 5.170483995, 6.084504602, 
6.64997688, 5.8730215545, 6.233109534, 5.38907173, 6.0691965985, 
8.428580533, 6.442540166, 7.3559380475, 7.126087273, 6.692083743, 
6.97354302, 7.096972812, 7.059617628, 6.331631644, 6.165417854, 
6.183016778, 3.951243719, 6.2102552055, 6.282666622, 7.5497000155, 
7.155030834, 5.129898715, 6.3876184935, 5.4847883245, 6.779921907, 
4.840671751, 5.236441963, 6.4604600805, 6.538139824, 5.777652323, 
6.663132696, 6.908746795, 6.29544715233333, 7.4926148745, 6.228511004, 
7.0890772265, 7.769018385, 7.6688462045, 7.4776458305, 7.4072540075, 
6.416732283, 6.5332297355, 6.886531643, 6.4949596965, 4.65396035, 
6.833226775, 8.22977775, 7.253287786, 6.1452114925, 6.8132743015, 
8.365905077, 7.4748643505, 7.5447703135, 6.7660921595, 7.206377291, 
7.234781969, 5.647285215, 7.2314246875, 5.942799375, 7.038783541, 
6.848005275, 6.944854263, 7.222159332, 7.0602018335, 7.053204975, 
5.420534999, 6.3618659335, 7.086464862, 6.2597770175, 6.7680887675, 
5.730099783, 6.3184272805, 8.224431573, 6.800170068, 7.068501289, 
7.136483209, 6.692083743, 7.290292882, 7.3430034765, 7.215975003, 
6.515516434, 6.523562306, 6.5154309675, 4.17438727, 5.9752029515, 
6.5942665335, 7.906989365, 7.328476799, 4.65396035, 6.218479075, 
5.762881357, 6.828712072, 5.3688500865, 5.303304908, 6.6237856125, 
6.03787092, 5.66296048, 6.997595983, 7.3346883995, 6.503152124, 
7.5168546465, 6.520621128, 7.224980925, 7.917623738, 7.872115329, 
7.8823047375, 8.1362477925, 6.492239835, 6.9554330955, 7.184629153, 
6.624741127, 5.420534999, 6.899649428, 8.740816628, 7.517304594, 
6.232600455, 7.1108077305, 8.640295389, 7.7176275865, 7.4858986195, 
6.954161538, 7.430114139, 7.4254090265, 5.367708968, 7.0460557305, 
5.998936562, 7.038783541, 6.538139824, 6.925998383, 7.3201946315, 
7.1406325865, 7.175072153, 6.03787092, 6.7568181255, 7.339279364, 
6.5149485745, 7.0760499655, 5.981414211, 6.4302135105, 8.477412321, 
6.523562306, 7.457609789, 6.966024187, 7.071573364, 7.41397029, 
7.3543604885, 6.933423026, 6.534364198, 6.520621128, 6.656997398, 
4.143134726, 5.9323682995, 6.945081691, 7.631896423, 7.2107649955, 
4.990432587, 6.2471366665, 5.9019983935, 7.433075349, 5.2525063715, 
5.170483995, 6.6018297265, 5.393627546, 5.620400866, 5.099866428, 
7.544643732, 7.17363164266667, 7.7846088155, 6.97354302, 7.3730360875, 
8.3596968675, 8.5539751635, 7.967086286, 8.4118112185, 6.561030666, 
7.214068625, 7.095064377, 7.1731679245, 6.720220155, 7.3775684425, 
8.449770515, 7.697622221, 6.5389674435, 6.941981642, 8.457867725, 
7.6352700455, 7.9934572045, 7.2135638375, 7.850103545, 7.752372743, 
6.1143840715, 7.77025786, 6.597145702, 7.231287004, 6.442540166, 
7.265048141, 7.498201525, 7.4304401425, 7.512502396, 6.228511004, 
6.8105938365, 7.260789943, 6.477132101, 6.8721388395, 5.998936562, 
6.6898962035, 8.703008637, 6.523562306, 7.519376747, 7.126087273, 
7.290292882, 7.744569809, 7.4880189645, 7.579678823, 6.659284058, 
6.546785411, 6.884899774, 4.94875989, 6.298949247, 6.9988860565, 
7.753394903, 7.6572977565, 5.680172609, 6.7919418125, 5.87169309, 
7.484368643, 5.480986025, 5.236441963, 6.7752122965, 6.049733455, 
6.133398043, 7.318539549, 7.5972363015, 7.345014679, 8.195181855, 
7.206377291, 7.561750038, 8.5657208105, 8.4295876, 8.1855645285, 
8.5174330135, 6.761572769, 7.491956589, 7.231287004, 7.2275113785, 
6.061456919, 7.4415186635, 8.481566014, 7.8489608225, 6.6393295915, 
7.2011950725, 9.045229852, 8.083893942, 8.0202394575, 7.394976605, 
7.850103545, 7.8598598775, 6.2982729675, 8.0398981525, 6.784457063, 
7.048386409, 6.442540166, 7.1744442775, 7.4072540075, 7.886593887, 
7.189198496, 6.249975242, 6.673583176, 7.2758531065, 6.4500771945, 
6.770747338, 6.354370041, 6.9140406075, 8.835210464, 6.692083743, 
7.735544707, 7.071573364, 7.385851078, 7.647786045, 7.453584529, 
7.614312146, 6.468907672, 6.625392368, 6.9619761605, 4.882801923, 
5.8204482135, 7.110777749, 7.686345672, 7.8614738685, 5.525452939, 
6.8080149105, 5.7547598355, 7.484368643, 5.697521212, 5.236441963, 
6.841273502, 5.680172609, 5.774551546), .Dim = c(67, 8))
